97.75644  10.43079  0 IC0446 
97.77386  10.42882  2
97.79442  10.41955  2
97.80956  10.42404  2
97.81841  10.43078  2
97.82298  10.45269  2
97.80956  10.48892  2
97.77043  10.49398  2
97.73331  10.47909  2
97.73074  10.47179  2
97.73245  10.44455  2
97.73959  10.43444  2
97.75644  10.43079  1
42.92699  59.79759  0 IC1848 
42.86882  59.80142  2
42.79381  59.81345  2
42.64760  59.84367  2
42.53430  59.87611  2
42.43295  59.91693  2
42.38202  59.94147  2
42.20817  60.00851  2
42.09715  60.05940  2
42.05452  60.07558  2
42.02494  60.08147  2
41.95681  60.10356  2
41.91350  60.13012  2
41.89096  60.15904  2
41.88573  60.17776  2
41.88263  60.23408  2
41.89443  60.24885  2
41.95539  60.28932  2
41.96736  60.30200  2
41.97391  60.33757  2
41.95539  60.36864  2
41.94195  60.38308  2
41.90281  60.40343  2
41.67882  60.47123  2
41.59983  60.51386  2
41.59014  60.53250  2
41.58919  60.54710  2
41.59484  60.59103  2
41.64956  60.66703  2
41.67754  60.69668  2
41.70996  60.72430  2
41.74747  60.73946  2
41.88000  60.73713  2
41.90180  60.72907  2
41.91598  60.70421  2
41.91828  60.66249  2
41.92322  60.65003  2
41.93253  60.63554  2
41.95011  60.62533  2
42.04686  60.64742  2
42.09783  60.65012  2
42.14059  60.64645  2
42.22221  60.63066  2
42.32147  60.59832  2
42.36474  60.57997  2
42.41187  60.56999  2
42.47572  60.56641  2
42.49625  60.58538  2
42.48999  60.63958  2
42.49804  60.65218  2
42.53919  60.69219  2
42.58984  60.70722  2
42.61529  60.71160  2
42.75177  60.71262  2
42.92249  60.70953  2
42.95244  60.70552  2
43.02963  60.68506  2
43.05954  60.68102  2
43.08507  60.68323  2
43.09762  60.69581  2
43.11875  60.70633  2
43.31449  60.74458  2
43.33146  60.75506  2
43.33557  60.76968  2
43.33527  60.79681  2
43.32657  60.80930  2
43.25758  60.84875  2
43.23176  60.85701  2
43.17988  60.88604  2
43.14493  60.92347  2
43.13561  60.96517  2
43.13532  60.98186  2
43.13941  60.99440  2
43.15644  61.00490  2
43.32842  61.02425  2
43.62130  61.03514  2
43.64715  61.03933  2
43.75059  61.04558  2
43.81956  61.04553  2
43.87553  61.03504  2
43.92291  61.03288  2
44.00891  61.01601  2
44.03033  61.00552  2
44.07298  60.97202  2
44.09438  60.96361  2
44.13272  60.93845  2
44.16665  60.90912  2
44.17075  60.89658  2
44.17031  60.86737  2
44.15679  60.82151  2
44.13076  60.79655  2
44.09157  60.74033  2
44.03146  60.70920  2
43.98852  60.67800  2
43.98413  60.66340  2
43.98399  60.64879  2
43.99663  60.63416  2
44.01331  60.60073  2
44.03016  60.58608  2
44.08934  60.56088  2
44.11473  60.55454  2
44.11114  60.60463  2
44.09444  60.62973  2
44.09460  60.64225  2
44.10343  60.66726  2
44.10360  60.67978  2
44.10802  60.69229  2
44.10824  60.70898  2
44.15148  60.75058  2
44.17730  60.76301  2
44.23344  60.79827  2
44.25497  60.80653  2
44.29783  60.81051  2
44.45613  60.80971  2
44.51629  60.81979  2
44.54219  60.82798  2
44.59938  60.88186  2
44.60832  60.89433  2
44.65178  60.91281  2
44.68208  60.92094  2
44.72521  60.92688  2
44.79820  60.92630  2
44.86705  60.92989  2
44.96202  60.94156  2
45.08667  60.94242  2
45.18937  60.93297  2
45.21873  60.91804  2
45.22661  60.90334  2
45.22152  60.88670  2
45.17776  60.86840  2
45.16861  60.85597  2
45.16727  60.82677  2
45.17524  60.81416  2
45.25052  60.77782  2
45.27595  60.77335  2
45.33053  60.75391  2
45.33416  60.74135  2
45.40931  60.70910  2
45.53968  60.67606  2
45.60609  60.64590  2
45.61798  60.63112  2
45.63837  60.61621  2
45.64186  60.60363  2
45.64111  60.59112  2
45.63186  60.57873  2
45.62199  60.55591  2
45.60354  60.53112  2
45.57216  60.50234  2
45.53554  60.45484  2
45.51205  60.41341  2
45.50480  60.35923  2
45.50190  60.30708  2
45.48663  60.25928  2
45.44190  60.20978  2
45.41616  60.19968  2
45.39839  60.18112  2
45.35528  60.15871  2
45.30333  60.12595  2
45.24681  60.08280  2
45.20013  60.06873  2
45.11605  60.05922  2
44.96436  60.02947  2
44.90983  60.02372  2
44.78449  60.02273  2
44.59297  60.04505  2
44.54320  60.05999  2
44.44723  60.06892  2
44.12466  60.02864  2
44.07425  60.00376  2
44.06149  59.98293  2
44.04850  59.93914  2
44.01481  59.90167  2
43.98939  59.85164  2
43.97682  59.83915  2
43.90188  59.81008  2
43.79806  59.78725  2
43.74830  59.78520  2
43.68196  59.77686  2
43.63221  59.77685  2
43.59075  59.77891  2
43.52021  59.79136  2
43.17181  59.79253  2
42.92699  59.79759  1
42.45163  59.63952  0 IC1848 
42.40551  59.65786  2
42.37942  59.69099  2
42.37869  59.70977  2
42.39012  59.73493  2
42.40206  59.74757  2
42.45489  59.77521  2
42.50840  59.78614  2
42.57459  59.79089  2
42.61191  59.79121  2
42.63699  59.78515  2
42.68725  59.76885  2
42.70017  59.75225  2
42.70481  59.73559  2
42.71796  59.71064  2
42.71832  59.69812  2
42.70628  59.68551  2
42.65765  59.65383  2
42.63307  59.64737  2
42.55070  59.64042  2
42.45163  59.63952  1
45.72867  60.42906  0 IC1848 
45.71677  60.44177  2
45.71768  60.45637  2
45.73129  60.47078  2
45.73234  60.48746  2
45.74584  60.49978  2
45.76345  60.50995  2
45.82714  60.51104  2
45.84776  60.50236  2
45.84693  60.48984  2
45.85033  60.47726  2
45.87827  60.45175  2
45.87320  60.43931  2
45.85518  60.42290  2
45.83759  60.41274  2
45.81197  60.40898  2
45.77818  60.40951  2
45.72867  60.42906  1
55.93109  22.01730  0 IC0341 
55.81449  22.05662  2
55.70433  22.10487  2
55.66220  22.13497  2
55.64274  22.14400  2
55.60708  22.16806  2
55.56490  22.18912  2
55.54544  22.20716  2
55.49675  22.23120  2
55.47078  22.23721  2
55.31171  22.23711  2
55.21434  22.22795  2
55.17217  22.21886  2
55.13002  22.20074  2
55.10734  22.18567  2
55.03604  22.15844  2
54.98422  22.13124  2
54.93887  22.11607  2
54.86111  22.09776  2
54.79305  22.08847  2
54.49146  22.08691  2
54.47207  22.07778  2
54.45595  22.06566  2
54.43024  22.03545  2
54.38873  21.95404  2
54.38568  21.92998  2
54.38908  21.90897  2
54.41216  21.85504  2
54.45487  21.77117  2
54.49729  21.72035  2
54.54289  21.67254  2
54.58515  21.63672  2
54.61774  21.59483  2
54.68269  21.53807  2
54.73150  21.47219  2
54.76071  21.44227  2
54.79960  21.41239  2
54.82556  21.38245  2
54.83533  21.36146  2
54.85155  21.34349  2
54.90981  21.29563  2
54.92279  21.27464  2
54.93906  21.23864  2
54.93268  21.22059  2
54.89747  21.16036  2
54.88142  21.14528  2
54.85904  21.10613  2
54.85914  21.08209  2
54.87531  21.06713  2
54.91723  21.05226  2
54.95589  21.04638  2
55.10722  21.04380  2
55.12654  21.04084  2
55.16843  21.02290  2
55.21351  21.01697  2
55.51931  21.01422  2
55.59981  21.04724  2
55.65456  21.06222  2
55.67389  21.07122  2
55.73517  21.13124  2
55.74808  21.14925  2
55.77072  21.19429  2
55.77732  21.27842  2
55.79029  21.31446  2
55.80972  21.35048  2
55.81622  21.37150  2
55.85185  21.42852  2
55.87132  21.46754  2
55.90699  21.52155  2
55.93950  21.59058  2
55.95896  21.61156  2
55.98169  21.64455  2
56.00448  21.68956  2
56.02737  21.75860  2
56.03402  21.80665  2
56.03428  21.87577  2
56.02796  21.91785  2
56.00547  21.96901  2
55.93109  22.01730  1
311.40948 31.18629  0 NGC6960
311.40074 31.17124  2
311.39210 31.12615  2
311.39224 31.08108  2
311.38654 31.03599  2
311.38668 30.99091  2
311.39849 30.94587  2
311.41906 30.90084  2
311.42206 30.86829  2
311.42228 30.78816  2
311.40789 30.72553  2
311.40548 30.55024  2
311.41425 30.53273  2
311.42605 30.46764  2
311.44357 30.43513  2
311.44659 30.38505  2
311.45243 30.37004  2
311.49898 30.31252  2
311.50772 30.29250  2
311.57448 30.23497  2
311.60930 30.19243  2
311.63828 30.17241  2
311.65566 30.14237  2
311.67304 30.12484  2
311.69041 30.11733  2
311.72224 30.09479  2
311.73959 30.06473  2
311.76561 30.03968  2
311.78583 30.00961  2
311.80893 29.98455  2
311.82626 29.97202  2
311.84644 29.94194  2
311.89257 29.88929  2
311.90698 29.87675  2
311.91848 29.85419  2
311.97600 29.77895  2
311.99321 29.74636  2
311.99604 29.72882  2
312.02756 29.66864  2
312.04202 29.68363  2
312.05072 29.69863  2
312.05366 29.71365  2
312.07690 29.75865  2
312.10593 29.80364  2
312.12051 29.83614  2
312.14661 29.86360  2
312.20145 29.85838  2
312.21873 29.85080  2
312.24138 29.77058  2
312.25562 29.73796  2
312.26706 29.72288  2
312.27552 29.69029  2
312.28975 29.66018  2
312.31299 29.69012  2
312.33048 29.72008  2
312.34496 29.73003  2
312.36230 29.73494  2
312.40267 29.73473  2
312.44297 29.72448  2
312.45730 29.71438  2
312.49182 29.70416  2
312.56668 29.69365  2
312.62705 29.67570  2
312.67885 29.66781  2
312.69614 29.66767  2
312.73368 29.67489  2
312.76843 29.68963  2
312.77435 29.70460  2
312.76590 29.72220  2
312.69422 29.76285  2
312.59624 29.77359  2
312.55599 29.78889  2
312.45837 29.85211  2
312.44403 29.86471  2
312.43549 29.87978  2
312.42112 29.88988  2
312.38368 29.90511  2
312.28554 29.91812  2
312.16156 29.96872  2
312.12410 29.99639  2
312.09245 30.03406  2
312.04632 30.07426  2
312.02899 30.08432  2
311.97408 30.10699  2
311.91619 30.10961  2
311.89304 30.11466  2
311.87569 30.11969  2
311.86123 30.13223  2
311.85260 30.16229  2
311.85262 30.17732  2
311.86713 30.18732  2
311.92512 30.20976  2
311.91357 30.22731  2
311.89911 30.23985  2
311.89044 30.25489  2
311.84991 30.28500  2
311.82385 30.31508  2
311.77748 30.35018  2
311.76879 30.36771  2
311.70785 30.43284  2
311.67881 30.48042  2
311.67300 30.49544  2
311.64974 30.52799  2
311.64101 30.54552  2
311.63809 30.56054  2
311.63224 30.62815  2
311.63219 30.71078  2
311.62926 30.74584  2
311.63216 30.77589  2
311.63798 30.79092  2
311.63214 30.80594  2
311.58543 30.86851  2
311.56789 30.90105  2
311.52988 30.94358  2
311.52110 30.95860  2
311.49764 31.00614  2
311.49469 31.02116  2
311.47118 31.08123  2
311.46819 31.11378  2
311.46230 31.12879  2
311.45057 31.14129  2
311.44468 31.15630  2
311.40948 31.18629  1
313.35302 29.83069  0 NGC6960
313.35858 29.82464  2
313.36688 29.80168  2
313.36947 29.71353  2
313.34016 29.65319  2
313.32204 29.62303  2
313.31087 29.58681  2
313.27052 29.52527  2
313.25246 29.50355  2
313.19000 29.44924  2
313.15533 29.42871  2
313.15255 29.43596  2
313.15394 29.44321  2
313.16226 29.46253  2
313.17891 29.48305  2
313.20944 29.50357  2
313.23305 29.53013  2
313.24834 29.55306  2
313.25252 29.56755  2
313.25394 29.59170  2
313.25397 29.61947  2
313.24703 29.63397  2
313.24985 29.66778  2
313.27630 29.70278  2
313.29158 29.69431  2
313.29992 29.69672  2
313.30410 29.70396  2
313.33195 29.72445  2
313.33339 29.75464  2
313.32375 29.80899  2
313.35302 29.83069  1
312.99331 29.29458  0 NGC6960
312.95042 29.27883  2
312.92692 29.26068  2
312.89934 29.21595  2
312.88291 29.15191  2
312.87465 29.13620  2
312.86513 29.07942  2
312.86115 29.02145  2
312.89690 29.08431  2
312.91207 29.09642  2
312.94379 29.13149  2
313.01008 29.18229  2
313.05156 29.20044  2
313.07091 29.21616  2
313.07367 29.23186  2
313.03765 29.27047  2
313.02379 29.28375  2
312.99331 29.29458  1
313.00114 31.01723  0 NGC6960
312.98213 30.99858  2
312.95769 30.98284  2
312.95363 30.97177  2
312.95773 30.95197  2
313.00735 30.88853  2
313.04536 30.86816  2
313.05486 30.85826  2
313.08267 30.83963  2
313.08199 30.88564  2
313.08742 30.89670  2
313.11051 30.91650  2
313.11322 30.92407  2
313.11119 30.94270  2
313.06977 30.98522  2
313.03376 31.00851  2
313.01541 31.01607  2
313.00114 31.01723  1
313.07148 31.30330  0 NGC6960
313.00896 31.34258  2
312.99360 31.36441  2
312.98448 31.38818  2
312.98445 31.41584  2
312.99182 31.43623  2
312.99180 31.45322  2
312.98494 31.48864  2
312.98835 31.49010  2
312.99689 31.48186  2
313.01285 31.45178  2
313.05894 31.42365  2
313.07373 31.40375  2
313.07203 31.38143  2
313.05555 31.36881  2
313.05214 31.36201  2
313.05442 31.34551  2
313.07147 31.32513  2
313.07545 31.31591  2
313.07148 31.30330  1
312.76049 31.77294  0 NGC6960
312.74267 31.77760  2
312.72966 31.78517  2
312.72486 31.79565  2
312.72897 31.82477  2
312.72074 31.83583  2
312.66794 31.85678  2
312.57948 31.86369  2
312.56370 31.86949  2
312.54309 31.88868  2
312.53549 31.91313  2
312.53474 31.94050  2
312.55251 31.97896  2
312.55521 31.99876  2
312.54901 32.00924  2
312.52357 32.02434  2
312.51866 32.06568  2
312.50899 32.08488  2
312.48760 32.11512  2
312.48344 32.12734  2
312.48266 32.16054  2
312.49984 32.16698  2
312.55419 32.16532  2
312.58929 32.15721  2
312.64916 32.12990  2
312.68493 32.12759  2
312.70350 32.11886  2
312.74269 32.08741  2
312.76742 32.05247  2
312.76673 32.04548  2
312.73444 32.03151  2
312.72757 32.02044  2
312.72895 31.99948  2
312.74543 31.97735  2
312.79553 31.94414  2
312.82571 31.93248  2
312.84218 31.92664  2
312.88951 31.92077  2
312.92105 31.91083  2
312.94229 31.89798  2
312.96008 31.87990  2
312.96482 31.85310  2
312.96136 31.84204  2
312.95242 31.83041  2
312.91333 31.81533  2
312.90234 31.80311  2
312.88656 31.79382  2
312.83927 31.77930  2
312.77693 31.78283  2
312.76049 31.77294  1
312.44053 32.05767  0 NGC6960
312.43158 32.08736  2
312.42195 32.10541  2
312.42125 32.12521  2
312.42468 32.13570  2
312.44463 32.12871  2
312.44738 32.11416  2
312.44258 32.09901  2
312.46801 32.06932  2
312.46526 32.05068  2
312.45977 32.04544  2
312.45496 32.04544  2
312.44053 32.05767  1
312.25711 32.07682  0 NGC6960
312.22687 32.10613  2
312.21532 32.12399  2
312.21209 32.19207  2
312.19973 32.21397  2
312.20052 32.22475  2
312.20530 32.22745  2
312.21685 32.22948  2
312.22721 32.22746  2
312.24594 32.19073  2
312.25232 32.16984  2
312.25510 32.18635  2
312.24753 32.22949  2
312.25430 32.23421  2
312.26745 32.23286  2
312.29134 32.20421  2
312.31959 32.15297  2
312.32396 32.13275  2
312.32276 32.11388  2
312.31599 32.10950  2
312.29172 32.10378  2
312.27023 32.10547  2
312.25711 32.07682  1
312.24347 31.45327  0 NGC6960
312.24361 31.55243  2
312.24014 31.59150  2
312.25428 31.60951  2
312.26136 31.62753  2
312.30028 31.67556  2
312.30738 31.69358  2
312.31823 31.80475  2
312.33611 31.88885  2
312.33616 31.90989  2
312.32563 31.94597  2
312.31504 31.96401  2
312.29737 31.98207  2
312.27614 31.99412  2
312.20883 32.00320  2
312.12733 32.00324  2
312.10253 32.00624  2
312.06000 32.02126  2
312.03873 32.03628  2
312.00679 32.06931  2
311.96420 32.09331  2
311.91807 32.10226  2
311.89679 32.10223  2
311.87552 32.09618  2
311.79779 32.00888  2
311.76258 31.94869  2
311.74847 31.93363  2
311.74147 31.91257  2
311.73810 31.87049  2
311.74525 31.85248  2
311.77368 31.81650  2
311.78082 31.79849  2
311.78802 31.75944  2
311.78463 31.72037  2
311.78830 31.67831  2
311.80250 31.65731  2
311.82019 31.64232  2
311.89088 31.60039  2
311.92975 31.56740  2
311.96863 31.51035  2
311.99338 31.45329  2
312.02511 31.42326  2
312.06035 31.36619  2
312.06741 31.31210  2
312.06746 31.20993  2
312.04994 31.12880  2
312.03943 31.10475  2
312.02540 31.08972  2
311.98334 31.05663  2
311.95880 31.04759  2
311.92027 31.02350  2
311.87823 31.00540  2
311.85373 30.99033  2
311.82237 30.93017  2
311.81547 30.89409  2
311.81578 30.79493  2
311.82283 30.77692  2
311.83001 30.71383  2
311.84065 30.65676  2
311.85472 30.62073  2
311.86873 30.60273  2
311.90380 30.52767  2
311.98759 30.47368  2
312.02248 30.44667  2
312.06432 30.41063  2
312.09569 30.37758  2
312.15139 30.33250  2
312.16531 30.31447  2
312.17921 30.27840  2
312.18267 30.26037  2
312.19657 30.24233  2
312.22090 30.22729  2
312.24524 30.22125  2
312.31478 30.21816  2
312.32517 30.20011  2
312.33207 30.17606  2
312.34593 30.15800  2
312.38742 30.08280  2
312.39425 30.04372  2
312.43609 30.10071  2
312.45708 30.14273  2
312.47817 30.20577  2
312.48529 30.25083  2
312.48557 30.32295  2
312.47879 30.37104  2
312.47190 30.39210  2
312.45113 30.42822  2
312.43726 30.44929  2
312.36421 30.50354  2
312.33295 30.56069  2
312.31908 30.59978  2
312.30875 30.67191  2
312.30888 30.73201  2
312.31950 30.79510  2
312.34063 30.85215  2
312.34417 30.87018  2
312.34439 30.95732  2
312.33048 31.00242  2
312.29207 31.08661  2
312.29217 31.13469  2
312.28522 31.17376  2
312.28535 31.24588  2
312.27846 31.32101  2
312.26452 31.39916  2
312.25398 31.41720  2
312.24347 31.45327  1
311.77278 31.37398  0 NGC6960
311.75315 31.36349  2
311.73271 31.34531  2
311.71225 31.34669  2
311.70160 31.35646  2
311.70241 31.36065  2
311.71958 31.37605  2
311.75636 31.44456  2
311.76451 31.49767  2
311.76446 31.56826  2
311.76773 31.58363  2
311.79482 31.54311  2
311.85549 31.51726  2
311.88172 31.51026  2
311.88664 31.50746  2
311.88827 31.49908  2
311.88498 31.48370  2
311.87350 31.46624  2
311.85792 31.42361  2
311.85792 31.40335  2
311.88000 31.36351  2
311.88164 31.35302  2
311.87918 31.34883  2
311.85708 31.34115  2
311.83990 31.33906  2
311.81863 31.32997  2
311.81290 31.33067  2
311.80635 31.33835  2
311.79488 31.37050  2
311.77278 31.37398  1
107.15417 -4.30374  0 IC0466 
107.14572 -4.31755  2
107.15323 -4.33112  2
107.16262 -4.33182  2
107.17811 -4.32410  2
107.18069 -4.31450  2
107.17811 -4.30725  2
107.16097 -4.29718  2
107.15487 -4.29906  2
107.15417 -4.30374  1
85.04162  -1.50149  0 IC0431 
85.03046  -1.47819  2
85.03046  -1.45587  2
85.03386  -1.44422  2
85.05279  -1.43015  2
85.07124  -1.42336  2
85.08483  -1.42336  2
85.09163  -1.43112  2
85.10376  -1.45781  2
85.10376  -1.47820  2
85.09988  -1.48742  2
85.08046  -1.50052  2
85.06201  -1.50828  2
85.05279  -1.50877  2
85.04162  -1.50149  1
85.72293  -2.32517  0 IC0435 
85.74092  -2.33893  2
85.75160  -2.34202  2
85.76312  -2.34202  2
85.77858  -2.33500  2
85.78729  -2.32321  2
85.78617  -2.29344  2
85.76565  -2.28698  2
85.75244  -2.27603  2
85.72630  -2.27574  2
85.71674  -2.28529  2
85.71506  -2.29709  2
85.71646  -2.31197  2
85.72293  -2.32517  1
85.52442  -2.24933  0 NGC2023
85.49935  -2.21963  2
85.47196  -2.19401  2
85.46497  -2.19110  2
85.44457  -2.19693  2
85.43058  -2.18761  2
85.40727  -2.18528  2
85.37638  -2.20042  2
85.36589  -2.21090  2
85.36473  -2.22488  2
85.37114  -2.24643  2
85.35773  -2.25866  2
85.35715  -2.27205  2
85.36531  -2.28486  2
85.36997  -2.31107  2
85.37463  -2.31864  2
85.39037  -2.33029  2
85.43700  -2.34951  2
85.46381  -2.33902  2
85.49295  -2.33378  2
85.51043  -2.31223  2
85.54074  -2.31048  2
85.54424  -2.30058  2
85.52559  -2.28893  2
85.52151  -2.28195  2
85.52442  -2.24933  1
84.11901  -0.32043  0 IC0426 
84.10356  -0.31575  2
84.09092  -0.31692  2
84.07969  -0.30101  2
84.07969  -0.29399  2
84.09279  -0.28205  2
84.08788  -0.26918  2
84.09490  -0.26122  2
84.09069  -0.25279  2
84.12275  -0.25069  2
84.13890  -0.25794  2
84.15154  -0.25654  2
84.16371  -0.26871  2
84.18009  -0.27339  2
84.18033  -0.28579  2
84.16675  -0.30241  2
84.17939  -0.32254  2
84.17401  -0.34711  2
84.16792  -0.35694  2
84.15037  -0.36724  2
84.14803  -0.37567  2
84.14358  -0.37871  2
84.13750  -0.36443  2
84.14382  -0.35881  2
84.14241  -0.35390  2
84.15131  -0.35390  2
84.15131  -0.34688  2
84.14639  -0.33916  2
84.14803  -0.32113  2
84.14499  -0.31739  2
84.13843  -0.31645  2
84.11901  -0.32043  1
274.23918 -19.79357 0 NGC6589
274.25853 -19.77166 2
274.25781 -19.75886 2
274.24921 -19.74706 2
274.24169 -19.74403 2
274.21556 -19.74301 2
274.18547 -19.76121 2
274.18081 -19.77468 2
274.18080 -19.78884 2
274.18617 -19.79693 2
274.21196 -19.81446 2
274.22951 -19.81109 2
274.23632 -19.80301 2
274.23918 -19.79357 1
97.69649  9.69470   0 IC0447 
97.72981  9.67933   2
97.78440  9.67932   2
97.82410  9.68700   2
97.87516  9.71004   2
97.88792  9.71982   2
97.91700  9.73378   2
97.92694  9.74425   2
97.96666  9.76240   2
97.98014  9.77497   2
98.00071  9.78753   2
98.00924  9.80779   2
98.01284  9.86928   2
98.00649  9.90772   2
97.99659  9.93988   2
97.97250  9.97903   2
97.93208  10.01890  2
97.90087  10.04547  2
97.82919  10.07415  2
97.79087  10.09583  2
97.70356  10.17620  2
97.69291  10.18179  2
97.67587  10.18249  2
97.65812  10.17759  2
97.64321  10.16990  2
97.63682  10.16291  2
97.62972  10.14824  2
97.61909  10.08534  2
97.61413  10.07695  2
97.58858  10.06157  2
97.58717  10.05248  2
97.59001  10.04200  2
97.60776  10.01335  2
97.61487  9.98680   2
97.60707  9.97072   2
97.59501  9.96303   2
97.58933  9.95464   2
97.58296  9.93088   2
97.58297  9.90992   2
97.60854  9.82537   2
97.62273  9.79532   2
97.64543  9.76807   2
97.67309  9.71496   2
97.69649  9.69470   1
85.45294  -1.96955  0 NGC2024
85.45993  -1.98353  2
85.48441  -2.00380  2
85.49769  -2.00869  2
85.53476  -2.01288  2
85.56762  -2.01288  2
85.60328  -2.00868  2
85.64524  -1.99051  2
85.67181  -1.97373  2
85.68789  -1.95556  2
85.72494  -1.88218  2
85.72843  -1.84654  2
85.73332  -1.83326  2
85.73121  -1.76337  2
85.72351  -1.72634  2
85.71442  -1.70747  2
85.67666  -1.66275  2
85.64729  -1.64039  2
85.63471  -1.63410  2
85.60115  -1.63271  2
85.57319  -1.64179  2
85.53683  -1.64459  2
85.52215  -1.65927  2
85.51027  -1.69211  2
85.49629  -1.69072  2
85.48370  -1.68233  2
85.48230  -1.67814  2
85.48510  -1.62922  2
85.47461  -1.60057  2
85.43896  -1.57191  2
85.41728  -1.56423  2
85.39491  -1.56423  2
85.33689  -1.59847  2
85.32360  -1.62852  2
85.32500  -1.64948  2
85.35995  -1.73474  2
85.35925  -1.75361  2
85.34247  -1.75920  2
85.32429  -1.79205  2
85.31380  -1.79694  2
85.29842  -1.79763  2
85.28653  -1.78925  2
85.26906  -1.76828  2
85.24878  -1.75290  2
85.23410  -1.74731  2
85.22221  -1.74661  2
85.19774  -1.74661  2
85.18306  -1.75010  2
85.16138  -1.76547  2
85.14460  -1.79412  2
85.14529  -1.84164  2
85.15228  -1.85422  2
85.20332  -1.89127  2
85.22080  -1.90036  2
85.26554  -1.94019  2
85.32148  -1.97514  2
85.33197  -2.00449  2
85.35015  -2.01148  2
85.37183  -2.01009  2
85.39630  -2.00380  2
85.41098  -1.99052  2
85.41868  -1.97375  2
85.41938  -1.93531  2
85.40889  -1.90945  2
85.40819  -1.88290  2
85.39071  -1.86193  2
85.38721  -1.84446  2
85.39840  -1.85285  2
85.41378  -1.85844  2
85.41588  -1.86682  2
85.42357  -1.87172  2
85.42707  -1.86892  2
85.43126  -1.85494  2
85.44525  -1.85425  2
85.45154  -1.86054  2
85.44665  -1.86892  2
85.44665  -1.88709  2
85.45154  -1.89478  2
85.46553  -1.89897  2
85.45434  -1.90736  2
85.45014  -1.91574  2
85.44874  -1.93531  2
85.45294  -1.96955  1
79.75081  34.33860  0 IC0405 
79.65212  34.30975  2
79.57116  34.27868  2
79.52562  34.25375  2
79.50031  34.23294  2
79.48515  34.22671  2
79.42194  34.17255  2
79.37650  34.14548  2
79.36137  34.14341  2
79.30085  34.11841  2
79.27060  34.11424  2
79.20255  34.11424  2
79.11936  34.12044  2
79.08405  34.13083  2
79.01842  34.16202  2
78.97037  34.20366  2
78.88187  34.24725  2
78.85149  34.26593  2
78.82117  34.27001  2
78.77319  34.26983  2
78.73544  34.24881  2
78.71033  34.22784  2
78.69781  34.21318  2
78.68285  34.18598  2
78.67310  34.13585  2
78.67329  34.10873  2
78.66599  34.07113  2
78.66623  34.03566  2
78.67179  33.95847  2
78.68215  33.91470  2
78.69493  33.88346  2
78.69504  33.86676  2
78.70549  33.80421  2
78.70563  33.78125  2
78.72629  33.68744  2
78.72929  33.60607  2
78.71983  33.51630  2
78.71862  33.30553  2
78.71161  33.22829  2
78.70921  33.21367  2
78.70180  33.20111  2
78.68939  33.19271  2
78.65951  33.18631  2
78.64449  33.19458  2
78.61933  33.22576  2
78.60176  33.24027  2
78.58388  33.29444  2
78.56875  33.31313  2
78.53057  33.40056  2
78.50518  33.44632  2
78.46968  33.50036  2
78.44409  33.56071  2
78.41858  33.60854  2
78.40312  33.65225  2
78.35975  33.72498  2
78.31146  33.78097  2
78.30628  33.79554  2
78.29358  33.80796  2
78.28842  33.82044  2
78.27826  33.83080  2
78.22440  33.92218  2
78.21401  33.94922  2
78.21094  33.99511  2
78.21816  34.02230  2
78.22556  34.03488  2
78.26781  34.08322  2
78.27772  34.09790  2
78.28007  34.11253  2
78.27976  34.13966  2
78.27200  34.15629  2
78.26662  34.18546  2
78.26341  34.24387  2
78.24775  34.28756  2
78.23977  34.32089  2
78.23934  34.35636  2
78.26906  34.40877  2
78.32910  34.46975  2
78.34146  34.49697  2
78.34383  34.51159  2
78.34103  34.53661  2
78.29967  34.60934  2
78.29649  34.66566  2
78.30889  34.69080  2
78.32402  34.69926  2
78.48140  34.69825  2
78.51436  34.70262  2
78.68146  34.76401  2
78.72463  34.76629  2
78.77798  34.76441  2
78.85430  34.73964  2
78.90256  34.73770  2
78.93806  34.75031  2
78.96848  34.76708  2
78.99894  34.77340  2
79.01420  34.76926  2
79.02692  34.75885  2
79.06250  34.75056  2
79.07774  34.75058  2
79.12343  34.76733  2
79.13867  34.76735  2
79.17170  34.75485  2
79.17933  34.74025  2
79.20220  34.71730  2
79.24282  34.70688  2
79.26059  34.70688  2
79.29359  34.71522  2
79.32913  34.71520  2
79.34436  34.71102  2
79.35704  34.70266  2
79.38236  34.66507  2
79.39756  34.65254  2
79.43052  34.64623  2
79.53960  34.64811  2
79.55737  34.65225  2
79.60314  34.67717  2
79.61838  34.68129  2
79.65644  34.68118  2
79.67417  34.67486  2
79.69945  34.65807  2
79.73732  34.62663  2
79.75998  34.59941  2
79.77247  34.57014  2
79.78236  34.53045  2
79.79989  34.50116  2
79.80974  34.45938  2
79.81208  34.43016  2
79.80920  34.37800  2
79.79135  34.35513  2
79.75081  34.33860  1
14.98918  60.84350  0 IC0063 
14.96499  60.85110  2
14.94888  60.86375  2
14.93101  60.86994  2
14.91717  60.87219  2
14.89928  60.86995  2
14.88659  60.87809  2
14.86697  60.88006  2
14.85831  60.89270  2
14.83811  60.88427  2
14.74693  60.88141  2
14.74283  60.89629  2
14.76126  60.90923  2
14.79590  60.91739  2
14.80859  60.92667  2
14.80859  60.93088  2
14.80222  60.93397  2
14.80453  60.93593  2
14.82418  60.93706  2
14.83690  60.94184  2
14.84556  60.95926  2
14.85423  60.96656  2
14.84207  60.97358  2
14.85423  60.98116  2
14.85017  60.98650  2
14.84958  61.00251  2
14.85247  61.00869  2
14.85885  61.01121  2
14.90057  61.01205  2
14.90232  61.01992  2
14.91567  61.03536  2
14.92263  61.03255  2
14.92320  61.02805  2
14.91216  61.01093  2
14.89361  61.00307  2
14.89013  60.99633  2
14.89591  60.98594  2
14.90979  60.97189  2
14.91152  60.96487  2
14.92077  60.95813  2
14.95432  60.95811  2
14.99314  60.97212  2
15.00819  60.97295  2
15.01917  60.96929  2
15.02319  60.96395  2
15.02317  60.96001  2
15.00922  60.94486  2
15.02193  60.94120  2
15.07234  60.95798  2
15.12153  60.96071  2
15.12210  60.95874  2
15.08845  60.94588  2
15.06877  60.94170  2
15.05598  60.92992  2
15.02296  60.91592  2
15.02179  60.91199  2
15.02928  60.90833  2
15.02753  60.90609  2
14.99977  60.89573  2
15.00149  60.89376  2
15.03613  60.89372  2
15.08529  60.90573  2
15.12286  60.90903  2
15.16344  60.92496  2
15.18096  60.94373  2
15.22088  60.94560  2
15.23702  60.94106  2
15.22882  60.93154  2
15.17886  60.90639  2
15.12276  60.89695  2
15.12500  60.88768  2
15.11629  60.88124  2
15.08050  60.88074  2
15.06199  60.87346  2
15.05443  60.86336  2
15.04633  60.85888  2
15.01118  60.86426  2
14.99386  60.86231  2
14.98808  60.85698  2
14.97539  60.85643  2
14.99612  60.84883  2
14.98918  60.84350  1
274.32728 -19.77362 0 IC1284 
274.38659 -19.78818 2
274.44848 -19.78978 2
274.48501 -19.78249 2
274.52797 -19.76264 2
274.54426 -19.72622 2
274.56742 -19.69142 2
274.56912 -19.68050 2
274.53216 -19.65748 2
274.52012 -19.63929 2
274.50162 -19.59968 2
274.48101 -19.58311 2
274.45138 -19.57504 2
274.38872 -19.57627 2
274.31659 -19.61023 2
274.30671 -19.62155 2
274.29725 -19.65309 2
274.26331 -19.67936 2
274.25557 -19.69473 2
274.25469 -19.71697 2
274.27100 -19.74610 2
274.29978 -19.76714 2
274.32728 -19.77362 1
94.61360  22.65019  0 IC0443 
94.60052  22.65264  2
94.59400  22.65869  2
94.59535  22.67318  2
94.60327  22.69490  2
94.59153  22.70580  2
94.58898  22.72995  2
94.58117  22.74447  2
94.56026  22.75780  2
94.55375  22.77352  2
94.53418  22.80134  2
94.51064  22.81709  2
94.49362  22.82316  2
94.46487  22.85461  2
94.42166  22.87280  2
94.38500  22.89821  2
94.36404  22.90548  2
94.32340  22.90673  2
94.28538  22.90194  2
94.25128  22.89109  2
94.19754  22.88748  2
94.17526  22.87420  2
94.16346  22.85005  2
94.13464  22.83073  2
94.10844  22.82468  2
94.04817  22.82344  2
93.91726  22.76653  2
93.85584  22.70725  2
93.83236  22.67460  2
93.81280  22.64558  2
93.79459  22.60689  2
93.78815  22.56944  2
93.79091  22.51752  2
93.79485  22.50908  2
93.80154  22.45113  2
93.80814  22.42578  2
93.80836  22.34004  2
93.84638  22.27008  2
93.86206  22.26287  2
93.87122  22.24839  2
93.89213  22.23394  2
93.89606  22.22670  2
93.90133  22.19652  2
93.91963  22.17602  2
93.93660  22.16759  2
93.97181  22.16402  2
93.98225  22.15678  2
94.03182  22.13630  2
94.05660  22.11942  2
94.05924  22.08198  2
94.05405  22.04333  2
94.06059  22.01315  2
94.07753  22.01195  2
94.09315  22.01558  2
94.09966  22.02042  2
94.10878  22.03612  2
94.12441  22.04458  2
94.13222  22.04216  2
94.14395  22.03130  2
94.15177  22.00715  2
94.15828  22.00232  2
94.19084  21.99507  2
94.19866  21.99990  2
94.21429  22.01922  2
94.22603  22.04216  2
94.26773  22.06146  2
94.29770  22.06265  2
94.35502  22.05534  2
94.40454  22.05769  2
94.40585  22.06494  2
94.39676  22.07944  2
94.36813  22.11088  2
94.34993  22.14592  2
94.34868  22.19181  2
94.35134  22.23045  2
94.35790  22.25459  2
94.37360  22.28718  2
94.39060  22.30527  2
94.44679  22.33658  2
94.49649  22.37755  2
94.52267  22.40044  2
94.54495  22.42937  2
94.58164  22.46430  2
94.59214  22.48118  2
94.59611  22.49566  2
94.58970  22.53553  2
94.60019  22.54758  2
94.61461  22.55720  2
94.61988  22.57168  2
94.61604  22.59463  2
94.60689  22.59707  2
94.59384  22.60677  2
94.58994  22.61402  2
94.59649  22.61884  2
94.62135  22.61998  2
94.62791  22.62600  2
94.62798  22.64773  2
94.61360  22.65019  1
277.88848 -10.73427 0 IC1287 
277.86036 -10.72686 2
277.84115 -10.72855 2
277.78386 -10.75820 2
277.76396 -10.77740 2
277.75915 -10.78785 2
277.75949 -10.81919 2
277.78075 -10.84987 2
277.79379 -10.87649 2
277.80683 -10.88930 2
277.86209 -10.92604 2
277.88302 -10.91997 2
277.90224 -10.90413 2
277.91493 -10.88694 2
277.94101 -10.87143 2
277.95165 -10.85727 2
277.95473 -10.84614 2
277.95779 -10.78042 2
277.95092 -10.76358 2
277.93857 -10.75145 2
277.88848 -10.73427 1
314.22613 30.80342  0 NGC6992
314.20788 30.79477  2
314.16332 30.78444  2
314.13902 30.78101  2
314.08842 30.78109  2
314.01354 30.79162  2
313.96497 30.81252  2
313.93259 30.83340  2
313.93259 30.85774  2
313.93665 30.86991  2
313.94881 30.87687  2
314.02378 30.88029  2
314.03797 30.88550  2
314.05826 30.90286  2
314.06438 30.92720  2
314.06650 30.97763  2
314.06246 30.98807  2
314.03004 31.01593  2
313.94891 31.06815  2
313.94283 31.08902  2
313.95095 31.09945  2
313.96517 31.09944  2
313.98752 31.11160  2
313.99362 31.12203  2
313.99364 31.13420  2
313.97944 31.16899  2
313.94491 31.21074  2
313.93273 31.24205  2
313.94290 31.25074  2
313.96731 31.25942  2
314.00595 31.24723  2
314.05473 31.22283  2
314.09132 31.21757  2
314.15641 31.22615  2
314.18287 31.23305  2
314.20326 31.25039  2
314.21756 31.26949  2
314.22176 31.30599  2
314.21776 31.32687  2
314.20362 31.36168  2
314.20370 31.38603  2
314.21802 31.40512  2
314.20990 31.41557  2
314.15901 31.43308  2
314.14885 31.44179  2
314.14480 31.45223  2
314.16734 31.49566  2
314.16948 31.53044  2
314.16747 31.54087  2
314.13898 31.57049  2
314.08188 31.59667  2
314.04312 31.61063  2
314.01453 31.61414  2
313.96145 31.62808  2
313.94920 31.63504  2
313.94512 31.64548  2
313.94513 31.66809  2
313.93697 31.68896  2
313.92675 31.70113  2
313.88996 31.71678  2
313.83272 31.71850  2
313.79592 31.72544  2
313.78160 31.73412  2
313.75903 31.78626  2
313.74059 31.80363  2
313.72830 31.80883  2
313.67511 31.80527  2
313.66282 31.80873  2
313.65461 31.81741  2
313.64432 31.84000  2
313.63610 31.84867  2
313.62375 31.87125  2
313.60727 31.90426  2
313.59073 31.94943  2
313.58856 31.98421  2
313.60285 32.00511  2
313.62745 32.00516  2
313.65207 32.00000  2
313.67671 31.98613  2
313.72800 31.96708  2
313.83462 31.93240  2
313.85921 31.92197  2
313.88175 31.90807  2
313.89404 31.90633  2
313.91042 31.89763  2
313.99437 31.87152  2
314.07211 31.83144  2
314.12318 31.79137  2
314.20477 31.71469  2
314.22304 31.67986  2
314.25354 31.63805  2
314.27379 31.59452  2
314.27574 31.57364  2
314.29397 31.54055  2
314.32448 31.51785  2
314.36315 31.50032  2
314.38141 31.48287  2
314.38748 31.47241  2
314.39144 31.44979  2
314.38508 31.40286  2
314.38706 31.39242  2
314.39917 31.37151  2
314.41324 31.33667  2
314.42942 31.31748  2
314.49019 31.27026  2
314.49012 31.25983  2
314.48192 31.24943  2
314.45744 31.23737  2
314.44722 31.22872  2
314.40832 31.18019  2
314.40217 31.16978  2
314.39176 31.12287  2
314.36103 31.06907  2
314.35276 31.03606  2
314.35258 30.99954  2
314.36261 30.97690  2
314.36656 30.95428  2
314.36447 30.94212  2
314.35834 30.93170  2
314.34614 30.92305  2
314.29335 30.90236  2
314.26085 30.88332  2
314.25271 30.87465  2
314.25462 30.84335  2
314.25049 30.82075  2
314.22613 30.80342  1
314.05281 30.36858  0 NGC6992
314.06225 30.37615  2
314.06292 30.39595  2
314.05279 30.40468  2
314.04874 30.41225  2
314.05008 30.41575  2
314.07304 30.42973  2
314.12302 30.42915  2
314.12167 30.42216  2
314.10681 30.41343  2
314.10006 30.40294  2
314.09870 30.39130  2
314.09330 30.38081  2
314.09465 30.35461  2
314.08183 30.35111  2
314.07036 30.36276  2
314.05281 30.36858  1
56.70661  23.27605  0 M045   
56.49727  23.29722  2
56.27148  23.32710  2
56.19944  23.35101  2
56.13390  23.37791  2
56.08143  23.40783  2
56.02559  23.45574  2
56.00916  23.47072  2
55.99598  23.49171  2
55.93668  23.56663  2
55.91693  23.58458  2
55.81819  23.65629  2
55.80169  23.67425  2
55.71923  23.74596  2
55.67612  23.81485  2
55.66599  23.85687  2
55.66204  23.95901  2
55.65513  24.01006  2
55.65128  24.09417  2
55.64787  24.11219  2
55.64739  24.18430  2
55.65370  24.22640  2
55.67296  24.30464  2
55.68563  24.38584  2
55.69526  24.42796  2
55.71472  24.48215  2
55.74090  24.52134  2
55.78360  24.56362  2
55.83940  24.63298  2
55.84592  24.65104  2
55.90501  24.73842  2
55.91155  24.75648  2
55.91447  24.83762  2
55.92093  24.87371  2
55.92747  24.89176  2
55.95047  24.93391  2
55.96365  24.95199  2
56.02316  24.98824  2
56.06618  25.00941  2
56.20864  25.06083  2
56.28489  25.08199  2
56.33465  25.09106  2
56.56026  25.09415  2
56.61334  25.08210  2
56.70616  25.03993  2
56.76246  25.00078  2
56.80220  24.98268  2
56.81875  24.97063  2
56.84844  24.92248  2
56.92410  24.76003  2
56.95042  24.71788  2
56.99648  24.65464  2
57.01293  24.63355  2
57.02939  24.61847  2
57.05903  24.59432  2
57.12830  24.56701  2
57.15141  24.56391  2
57.26027  24.53637  2
57.34591  24.49986  2
57.38875  24.48760  2
57.46130  24.47514  2
57.52048  24.44471  2
57.58944  24.40217  2
57.62544  24.36886  2
57.66774  24.30544  2
57.73543  24.14564  2
57.73373  23.96836  2
57.71995  23.90236  2
57.69327  23.86050  2
57.62677  23.77086  2
57.59684  23.72600  2
57.57682  23.68708  2
57.54029  23.63324  2
57.52047  23.61535  2
57.49410  23.59749  2
57.47436  23.58860  2
57.41528  23.57995  2
57.39233  23.58009  2
57.35964  23.59530  2
57.26815  23.64988  2
57.21253  23.67719  2
57.12069  23.68360  2
57.07796  23.66574  2
57.03183  23.61783  2
56.94610  23.48288  2
56.89339  23.38686  2
56.87369  23.36588  2
56.82776  23.32391  2
56.79173  23.30596  2
56.70661  23.27605  1
64.65580  28.33142  0 IC0359A
64.66122  28.33002  2
64.66888  28.32075  2
64.67334  28.30446  2
64.69854  28.30109  2
64.70651  28.29266  2
64.70874  28.28508  2
64.70874  28.27216  2
64.69949  28.25587  2
64.67015  28.23060  2
64.64689  28.21403  2
64.63223  28.20785  2
64.57774  28.20389  2
64.56371  28.20669  2
64.55126  28.22409  2
64.53085  28.23615  2
64.52126  28.25467  2
64.52027  28.27573  2
64.52759  28.28866  2
64.53842  28.29710  2
64.60188  28.31428  2
64.63570  28.31148  2
64.64591  28.32721  2
64.65580  28.33142  1
83.34896  -0.65625  0 IC0423 
83.33413  -0.65153  2
83.32402  -0.64243  2
83.32132  -0.62626  2
83.30043  -0.62322  2
83.28661  -0.60637  2
83.29874  -0.59222  2
83.30110  -0.57739  2
83.31155  -0.57671  2
83.31559  -0.57166  2
83.31627  -0.55919  2
83.32469  -0.56256  2
83.33110  -0.57334  2
83.33817  -0.57334  2
83.34559  -0.56290  2
83.37120  -0.61345  2
83.37323  -0.62592  2
83.37120  -0.64041  2
83.37390  -0.64681  2
83.34896  -0.65625  1
58.03933  26.02794  0 IC0353 
58.05600  26.00988  2
58.16947  25.95250  2
58.21951  25.93131  2
58.30625  25.90396  2
58.41623  25.85842  2
58.45951  25.83719  2
58.50282  25.82194  2
58.54275  25.80370  2
58.56607  25.79757  2
58.62257  25.76418  2
58.63575  25.74307  2
58.66221  25.71286  2
58.66871  25.69178  2
58.66505  25.64974  2
58.65158  25.63179  2
58.61474  25.60797  2
58.59469  25.59908  2
58.58123  25.58112  2
58.57775  25.56011  2
58.57746  25.51804  2
58.59385  25.48189  2
58.61369  25.46374  2
58.67662  25.42429  2
58.74634  25.40581  2
58.77293  25.40262  2
59.03907  25.40352  2
59.15203  25.39047  2
59.24818  25.36548  2
59.31770  25.34071  2
59.45971  25.27301  2
59.54216  25.22996  2
59.58493  25.20239  2
59.66396  25.15931  2
59.72991  25.13139  2
59.75304  25.12506  2
59.79251  25.10348  2
59.80884  25.08823  2
59.83767  25.02772  2
59.84358  24.98556  2
59.84291  24.94651  2
59.83928  24.92853  2
59.80570  24.90195  2
59.77904  24.89331  2
59.66311  24.89487  2
59.59718  24.91675  2
59.55774  24.93828  2
59.48509  24.95718  2
59.24691  24.99587  2
59.07491  25.03359  2
58.94599  25.07677  2
58.91628  25.09203  2
58.89311  25.09823  2
58.80713  25.13193  2
58.77077  25.15022  2
58.74759  25.15639  2
58.72774  25.16554  2
58.70794  25.18069  2
58.66162  25.20202  2
58.58870  25.22350  2
58.45616  25.27829  2
58.43624  25.28139  2
58.38639  25.28161  2
58.33658  25.28783  2
58.15049  25.29448  2
58.03752  25.30677  2
57.91790  25.33401  2
57.89463  25.33403  2
57.81484  25.34311  2
57.74502  25.34614  2
57.59540  25.34607  2
57.51891  25.35198  2
57.44238  25.37288  2
57.30917  25.42665  2
57.14911  25.49821  2
57.10570  25.52207  2
57.03562  25.54880  2
56.96890  25.56650  2
56.92555  25.57228  2
56.75564  25.57425  2
56.65551  25.59459  2
56.60537  25.61224  2
56.52164  25.65365  2
56.48796  25.68642  2
56.45436  25.71018  2
56.44415  25.72812  2
56.44056  25.75213  2
56.44703  25.77021  2
56.46022  25.78535  2
56.48008  25.80055  2
56.54990  25.82817  2
56.58984  25.84050  2
56.63973  25.86192  2
56.66294  25.88012  2
56.75613  25.91983  2
56.83299  25.91731  2
56.97705  25.85501  2
57.07070  25.82842  2
57.16754  25.82282  2
57.32109  25.82333  2
57.34445  25.82640  2
57.38445  25.84753  2
57.39102  25.88361  2
57.38095  25.90161  2
57.36421  25.91359  2
57.31744  25.91346  2
57.27063  25.92234  2
57.22713  25.93722  2
57.18694  25.95811  2
57.17348  25.97609  2
57.17665  26.01216  2
57.18996  26.02724  2
57.23002  26.04240  2
57.25342  26.04549  2
57.47416  26.04604  2
57.49422  26.04908  2
57.55776  26.04917  2
57.63134  26.05826  2
57.73168  26.08534  2
57.77852  26.10337  2
57.89569  26.13935  2
57.94255  26.14230  2
57.96262  26.13626  2
57.97933  26.12121  2
57.99933  26.08511  2
58.03933  26.02794  1
56.19012  32.10278  0 IC0348 
56.18481  32.10194  2
56.17884  32.10643  2
56.16823  32.10475  2
56.16856  32.09773  2
56.15630  32.09464  2
56.15696  32.08285  2
56.15165  32.07470  2
56.14569  32.07498  2
56.14005  32.07948  2
56.12613  32.07807  2
56.12381  32.08313  2
56.11585  32.08537  2
56.11486  32.09295  2
56.09861  32.09772  2
56.09993  32.11598  2
56.08665  32.13507  2
56.09096  32.14856  2
56.08299  32.15557  2
56.08133  32.16821  2
56.07302  32.17776  2
56.07699  32.19966  2
56.08960  32.20023  2
56.10388  32.19490  2
56.11615  32.19799  2
56.12512  32.18957  2
56.12844  32.19210  2
56.12910  32.20473  2
56.15300  32.21119  2
56.17225  32.21147  2
56.18386  32.20417  2
56.19415  32.20669  2
56.20079  32.19967  2
56.21406  32.20050  2
56.22136  32.19600  2
56.22633  32.18421  2
56.22134  32.17045  2
56.22631  32.16455  2
56.21602  32.15950  2
56.21038  32.15164  2
56.20440  32.15136  2
56.20771  32.13563  2
56.19908  32.11878  2
56.19178  32.11570  2
56.19012  32.10278  1
83.38368  -0.39911  0 IC0424 
83.39086  -0.39938  2
83.40115  -0.39004  2
83.41362  -0.39979  2
83.42228  -0.40033  2
83.42662  -0.41008  2
83.42120  -0.42715  2
83.41538  -0.42593  2
83.41199  -0.42891  2
83.40684  -0.42674  2
83.40224  -0.43053  2
83.39438  -0.41726  2
83.38111  -0.40561  2
83.38368  -0.39911  1
85.41391  -3.10717  0 IC0434 
85.39504  -3.06804  2
85.38778  -3.04631  2
85.38341  -3.01588  2
85.37904  -2.91589  2
85.37902  -2.82604  2
85.38770  -2.74779  2
85.39058  -2.64345  2
85.38187  -2.61447  2
85.36010  -2.57970  2
85.35720  -2.55362  2
85.36009  -2.48985  2
85.35718  -2.47971  2
85.35138  -2.47247  2
85.34268  -2.46812  2
85.31657  -2.46668  2
85.30351  -2.46958  2
85.25976  -2.48774  2
85.24470  -2.48726  2
85.22819  -2.48143  2
85.22624  -2.47755  2
85.21993  -2.45232  2
85.21459  -2.44407  2
85.23062  -2.43242  2
85.23839  -2.41834  2
85.24422  -2.41786  2
85.24616  -2.42368  2
85.23693  -2.44552  2
85.26122  -2.44552  2
85.29085  -2.42951  2
85.29668  -2.41640  2
85.29716  -2.40718  2
85.28890  -2.38631  2
85.26510  -2.36059  2
85.25442  -2.34215  2
85.24193  -2.26880  2
85.24193  -2.23760  2
85.23488  -2.22452  2
85.21071  -2.19534  2
85.20769  -2.15709  2
85.20265  -2.14301  2
85.19158  -2.13697  2
85.14425  -2.13193  2
85.09893  -2.10778  2
85.04455  -2.10676  2
85.02441  -2.10273  2
84.93983  -2.06750  2
84.92473  -2.06548  2
84.88143  -2.06748  2
84.84317  -2.05741  2
84.80591  -2.05739  2
84.78275  -2.06443  2
84.76059  -2.08455  2
84.73440  -2.09460  2
84.68908  -2.11874  2
84.67397  -2.12276  2
84.69914  -2.14591  2
84.74043  -2.14392  2
84.75553  -2.14996  2
84.78875  -2.17714  2
84.82600  -2.22143  2
84.84916  -2.24157  2
84.92468  -2.27983  2
84.98208  -2.30399  2
84.99819  -2.31909  2
85.05257  -2.41772  2
85.07170  -2.43886  2
85.08882  -2.47207  2
85.09687  -2.49823  2
85.13212  -2.56264  2
85.14622  -2.60290  2
85.15126  -2.64919  2
85.16435  -2.68340  2
85.17039  -2.75183  2
85.17946  -2.77901  2
85.18046  -2.81825  2
85.18953  -2.85247  2
85.20611  -2.87199  2
85.29143  -2.93112  2
85.30710  -2.94677  2
85.32451  -2.98502  2
85.35935  -3.04589  2
85.38547  -3.08240  2
85.41391  -3.10717  1
85.29407  -1.54711  0 IC0432 
85.29941  -1.51556  2
85.29164  -1.50149  2
85.28727  -1.45636  2
85.25960  -1.44956  2
85.23872  -1.45151  2
85.22950  -1.47140  2
85.21445  -1.48839  2
85.19212  -1.53207  2
85.19018  -1.54566  2
85.19309  -1.56507  2
85.20086  -1.56895  2
85.21930  -1.56944  2
85.23678  -1.56070  2
85.29407  -1.54711  1
14.41917  61.08155  0 IC0059 
14.36458  61.08300  2
14.34951  61.09958  2
14.33847  61.10492  2
14.30302  61.11700  2
14.27570  61.11953  2
14.25942  61.11812  2
14.24954  61.11053  2
14.24955  61.10127  2
14.25770  61.09537  2
14.25654  61.09200  2
14.23504  61.09171  2
14.21182  61.08440  2
14.19382  61.08467  2
14.18916  61.08803  2
14.19900  61.10124  2
14.19782  61.10489  2
14.18152  61.11274  2
14.16584  61.10767  2
14.15364  61.10738  2
14.14953  61.11580  2
14.14136  61.12253  2
14.15588  61.12732  2
14.15586  61.13125  2
14.14594  61.13826  2
14.12731  61.13965  2
14.11915  61.14385  2
14.11620  61.14946  2
14.06316  61.16062  2
14.06711  61.17803  2
14.04549  61.18670  2
14.04070  61.20214  2
14.08262  61.21008  2
14.10777  61.19804  2
14.17596  61.20204  2
14.18938  61.19756  2
14.20982  61.18325  2
14.22790  61.17737  2
14.27916  61.17682  2
14.29780  61.18272  2
14.30597  61.20406  2
14.33162  61.20349  2
14.34446  61.21388  2
14.35906  61.22061  2
14.36257  61.22567  2
14.36318  61.23774  2
14.36902  61.24027  2
14.39707  61.24811  2
14.43150  61.24443  2
14.45482  61.23851  2
14.47524  61.23792  2
14.48988  61.24464  2
14.48362  61.27273  2
14.50464  61.26933  2
14.52045  61.27436  2
14.54324  61.27404  2
14.54310  61.25691  2
14.54711  61.24764  2
14.57557  61.23129  2
14.58423  61.22116  2
14.58399  61.19448  2
14.56521  61.17992  2
14.51561  61.16849  2
14.48583  61.15534  2
14.47414  61.14777  2
14.46243  61.13403  2
14.43333  61.13153  2
14.43215  61.12760  2
14.43967  61.11889  2
14.42393  61.10992  2
14.43902  61.10513  2
14.43026  61.09502  2
14.41573  61.09223  2
14.42268  61.08801  2
14.42440  61.08267  1
38.35488  60.25426  0 IC1805 
38.26663  60.26611  2
38.06436  60.30190  2
37.92482  60.33177  2
37.84853  60.34970  2
37.65699  60.40368  2
37.56714  60.43375  2
37.45049  60.48835  2
37.38587  60.51241  2
37.25483  60.58534  2
37.21447  60.62215  2
37.18516  60.68404  2
37.15733  60.72102  2
37.10024  60.81365  2
37.05857  60.86286  2
36.99029  60.92409  2
36.97485  60.96124  2
36.95671  61.03575  2
36.94691  61.17275  2
36.96697  61.25414  2
36.97726  61.29171  2
37.04904  61.38016  2
37.06906  61.46776  2
37.06606  61.51135  2
37.07612  61.55515  2
37.05872  61.61722  2
36.97472  61.69069  2
36.93211  61.73363  2
36.84988  61.77588  2
36.78159  61.80587  2
36.71367  61.82959  2
36.61925  61.85279  2
36.47186  61.87488  2
36.39090  61.89196  2
36.20288  61.91918  2
36.12166  61.93610  2
36.03906  61.96541  2
35.86284  61.99869  2
35.78051  62.02163  2
35.72247  62.06386  2
35.69086  62.10674  2
35.67030  62.16862  2
35.65640  62.28683  2
35.68999  62.34384  2
35.76185  62.42050  2
35.87866  62.46076  2
36.21272  62.49324  2
36.36039  62.50255  2
36.67054  62.50849  2
36.82091  62.48618  2
36.99938  62.44546  2
37.05547  62.41516  2
37.12488  62.38504  2
37.20757  62.35507  2
37.37094  62.31991  2
37.45212  62.30849  2
37.54629  62.30341  2
37.64010  62.30449  2
37.74824  62.28697  2
37.82946  62.26910  2
38.00451  62.24579  2
38.13940  62.21573  2
38.34078  62.18597  2
38.64906  62.12524  2
38.82254  62.10714  2
39.00909  62.09507  2
39.52833  62.09485  2
39.74101  62.07550  2
39.82059  62.06271  2
39.99235  62.01823  2
40.19153  62.01696  2
40.27141  62.02260  2
40.40568  62.05889  2
40.47319  62.08322  2
40.59636  62.15683  2
40.66424  62.18107  2
40.77425  62.24220  2
40.78958  62.27943  2
40.79253  62.33549  2
40.80827  62.37894  2
40.82370  62.66548  2
40.81250  62.70923  2
40.82337  62.90857  2
40.88234  62.98269  2
40.95387  63.03170  2
41.03861  63.06804  2
41.20659  63.10944  2
41.28965  63.11449  2
41.68893  63.10815  2
41.92232  63.09768  2
42.09992  63.08174  2
42.26228  63.05342  2
42.34201  63.02674  2
42.42228  63.00624  2
42.51262  62.95427  2
42.54871  62.90975  2
42.55669  62.85965  2
42.53489  62.66675  2
42.50087  62.60515  2
42.44338  62.57529  2
42.33006  62.52794  2
42.23309  62.50511  2
42.02437  62.44084  2
41.95025  62.36747  2
41.93344  62.33038  2
41.91217  62.09382  2
41.93207  62.01859  2
41.97666  61.92416  2
42.01177  61.87356  2
42.04734  61.82917  2
42.07932  61.74743  2
42.07468  61.69763  2
42.11138  61.52846  2
42.09921  61.39774  2
42.05339  61.32386  2
42.01056  61.28110  2
41.88863  61.22121  2
41.66293  61.15068  2
41.50352  61.09114  2
41.37214  61.05591  2
41.31859  61.02559  2
41.23986  61.00187  2
41.10691  60.92902  2
41.06627  60.89219  2
41.01294  60.85552  2
40.91807  60.75703  2
40.70821  60.63491  2
40.63117  60.61706  2
40.42779  60.61285  2
40.22466  60.61457  2
40.07246  60.62188  2
39.65335  60.62395  2
39.57700  60.61172  2
39.50054  60.58075  2
39.42418  60.54351  2
39.28461  60.45642  2
39.23404  60.41905  2
39.09549  60.33800  2
39.02006  60.31922  2
38.94467  60.30662  2
38.86940  60.28776  2
38.78158  60.27504  2
38.35488  60.25426  1
274.25746 -19.89737 0 NGC6590
274.26893 -19.89198 2
274.28613 -19.88962 2
274.29365 -19.88287 2
274.30082 -19.86703 2
274.30761 -19.83872 2
274.30080 -19.82996 2
274.28468 -19.82862 2
274.24706 -19.84547 2
274.23882 -19.87850 2
274.24921 -19.89434 2
274.25746 -19.89737 1
13.19962  56.32099  0 NGC0281
13.26498  56.33202  2
13.36121  56.33592  2
13.44308  56.35991  2
13.46317  56.37295  2
13.49620  56.40909  2
13.52551  56.43014  2
13.53465  56.43413  2
13.59848  56.44499  2
13.61677  56.45197  2
13.63344  56.47405  2
13.63590  56.52436  2
13.66578  56.57556  2
13.68272  56.61172  2
13.68281  56.61776  2
13.67566  56.62986  2
13.67598  56.65301  2
13.71888  56.70616  2
13.73579  56.73325  2
13.73590  56.74030  2
13.71214  56.74644  2
13.69945  56.75757  2
13.71469  56.79474  2
13.71483  56.80380  2
13.72799  56.82286  2
13.75042  56.84590  2
13.75642  56.87606  2
13.74383  56.89524  2
13.68546  56.93676  2
13.65239  56.94696  2
13.60267  56.95520  2
13.58982  56.96128  2
13.57345  56.98247  2
13.55715  57.01271  2
13.54250  57.02584  2
13.49828  57.04207  2
13.39298  57.06445  2
13.34671  57.06453  2
13.33559  57.06153  2
13.32258  57.04947  2
13.31331  57.04546  2
13.28370  57.04147  2
13.23379  57.05660  2
13.19678  57.06165  2
13.18567  57.05662  2
13.18011  57.04455  2
13.15422  57.02543  2
13.12279  57.01838  2
13.04700  57.01733  2
13.03224  57.00927  2
13.03414  56.99417  2
13.04154  56.98915  2
13.10807  56.96705  2
13.11730  56.96001  2
13.11731  56.95297  2
13.10994  56.94793  2
13.04536  56.94689  2
12.99179  56.96092  2
12.96410  56.96188  2
12.94196  56.96084  2
12.89404  56.95069  2
12.76127  56.94229  2
12.73540  56.94623  2
12.70566  56.96424  2
12.65576  56.96808  2
12.56375  56.94956  2
12.49249  56.90996  2
12.48362  56.89079  2
12.48965  56.86264  2
12.50858  56.83255  2
12.51789  56.82556  2
12.54925  56.81967  2
12.68711  56.82429  2
12.70188  56.81931  2
12.70936  56.80928  2
12.70944  56.80223  2
12.66949  56.76485  2
12.62746  56.75059  2
12.58957  56.70715  2
12.55493  56.69491  2
12.50927  56.68563  2
12.48926  56.67747  2
12.48570  56.67141  2
12.48622  56.64223  2
12.49580  56.61813  2
12.49081  56.58992  2
12.45493  56.55350  2
12.45519  56.53941  2
12.46442  56.53342  2
12.48643  56.52750  2
12.52111  56.52668  2
12.53030  56.52270  2
12.55067  56.50368  2
12.56386  56.47657  2
12.57685  56.46154  2
12.58788  56.45454  2
12.67897  56.45191  2
12.74985  56.46524  2
12.80630  56.46743  2
12.86284  56.45852  2
12.90481  56.44653  2
12.91213  56.44051  2
12.93585  56.43150  2
12.95054  56.40637  2
12.95427  56.39027  2
12.95072  56.37416  2
12.94350  56.36509  2
12.93444  56.36105  2
12.92363  56.34594  2
12.92549  56.33890  2
12.93643  56.32986  2
12.96730  56.32890  2
13.05077  56.33705  2
13.06348  56.33505  2
13.07802  56.32500  2
13.10888  56.31998  2
13.19962  56.32099  1
324.31394 58.86708  0 IC1396 
324.19399 58.84152  2
323.94312 58.77127  2
323.85960 58.75191  2
323.77637 58.72625  2
323.64647 58.66893  2
323.56385 58.63691  2
323.49359 58.59875  2
323.43543 58.56069  2
323.37684 58.53506  2
323.27242 58.47142  2
323.23850 58.43358  2
323.17151 58.34541  2
323.13783 58.30754  2
323.02368 58.22485  2
322.96593 58.19904  2
322.89718 58.16055  2
322.84000 58.12846  2
322.78330 58.09011  2
322.72750 58.03928  2
322.69495 57.99507  2
322.65275 57.91950  2
322.62040 57.87527  2
322.62282 57.83791  2
322.61395 57.79410  2
322.62599 57.60729  2
322.61756 57.55726  2
322.63066 57.35176  2
322.64456 57.31461  2
322.65041 57.22120  2
322.67880 57.13444  2
322.70440 57.09126  2
322.71812 57.05410  2
322.74325 57.01714  2
322.75874 56.94884  2
322.77235 56.91168  2
322.79733 56.87471  2
322.81087 56.83754  2
322.85885 56.79472  2
322.89571 56.74546  2
322.94348 56.70261  2
322.99081 56.66597  2
323.02737 56.61668  2
323.07482 56.57378  2
323.12247 56.52463  2
323.27453 56.40836  2
323.34367 56.37189  2
323.40092 56.34770  2
323.48057 56.32375  2
323.58235 56.30624  2
323.76280 56.28319  2
323.85277 56.27780  2
324.13332 56.28001  2
324.21200 56.27428  2
324.35836 56.24392  2
324.43718 56.21935  2
324.48247 56.18214  2
324.52807 56.10753  2
324.61800 56.04550  2
324.67400 56.01448  2
324.72987 55.98967  2
324.81907 55.96487  2
324.96377 55.93379  2
325.04161 55.92752  2
325.36410 55.92686  2
325.60906 55.94447  2
325.67604 55.95656  2
325.86581 55.98021  2
325.93294 55.99215  2
326.01107 55.99772  2
326.08942 56.00948  2
326.25782 56.04518  2
326.47193 56.09879  2
326.53945 56.11039  2
326.62990 56.13411  2
326.70871 56.14547  2
326.78817 56.16923  2
326.94673 56.20415  2
327.08421 56.25793  2
327.15363 56.29411  2
327.22245 56.31779  2
327.28088 56.35410  2
327.36509 56.43976  2
327.41216 56.47000  2
327.46014 56.51268  2
327.53381 56.59846  2
327.55988 56.64779  2
327.59648 56.68443  2
327.62181 56.72130  2
327.74502 56.84954  2
327.77108 56.89260  2
327.78531 56.92970  2
327.81196 56.97898  2
327.82627 57.01607  2
327.87596 57.64481  2
327.86168 57.75739  2
327.78929 57.87752  2
327.75708 57.91565  2
327.69436 58.01678  2
327.61950 58.11814  2
327.57601 58.16892  2
327.52057 58.21992  2
327.46542 58.27713  2
327.36392 58.35388  2
327.31978 58.40458  2
327.21760 58.48122  2
327.12615 58.54513  2
327.01192 58.63427  2
326.93274 58.71653  2
326.87483 58.75480  2
326.84117 58.79893  2
326.84320 58.83630  2
326.81410 58.96762  2
326.76807 59.01190  2
326.70916 59.04387  2
326.51909 59.12730  2
326.36333 59.17892  2
326.18140 59.19320  2
325.46366 59.19792  2
325.39058 59.19195  2
325.31733 59.16724  2
325.25627 59.13624  2
325.19528 59.09898  2
325.14651 59.05544  2
325.06142 58.96830  2
324.97676 58.88733  2
324.95264 58.84995  2
324.94061 58.81256  2
324.90457 58.77516  2
324.84457 58.74397  2
324.76051 58.74387  2
324.68837 58.75621  2
324.61612 58.77474  2
324.54371 58.79946  2
324.49519 58.83045  2
324.31394 58.86708  1
82.06146  34.49703  0 IC0417 
82.08775  34.49841  2
82.09792  34.49561  2
82.12419  34.48302  2
82.13604  34.46693  2
82.13688  34.46274  2
82.12839  34.44528  2
82.11314  34.44948  2
82.10212  34.44879  2
82.09788  34.44600  2
82.08769  34.42504  2
82.08854  34.42084  2
82.10124  34.41175  2
82.11225  34.41174  2
82.12497  34.42012  2
82.13345  34.43129  2
82.13852  34.42290  2
82.14189  34.40473  2
82.16133  34.38235  2
82.14861  34.36769  2
82.14351  34.35371  2
82.12657  34.34744  2
82.09694  34.34327  2
82.07409  34.34677  2
82.06055  34.35446  2
82.05040  34.37893  2
82.04617  34.38172  2
82.03093  34.37613  2
82.01992  34.37683  2
82.01060  34.38871  2
82.00891  34.39780  2
81.99959  34.40408  2
81.98350  34.40688  2
81.97078  34.42155  2
81.97162  34.43552  2
81.96822  34.44810  2
82.00889  34.48725  2
82.01313  34.49074  2
82.04280  34.48795  2
82.06146  34.49703  1
272.51403 -23.73904 0 NGC6559
272.49570 -23.73234 2
272.48104 -23.72228 2
272.47738 -23.71808 2
272.47554 -23.69544 2
272.47829 -23.69041 2
272.51125 -23.67279 2
272.51583 -23.66692 2
272.51490 -23.63505 2
272.49658 -23.62164 2
272.49749 -23.60655 2
272.48742 -23.58558 2
272.45814 -23.57552 2
272.42886 -23.57468 2
272.41056 -23.58055 2
272.38768 -23.59060 2
272.37120 -23.60736 2
272.37025 -23.65600 2
272.39037 -23.69375 2
272.39952 -23.71891 2
272.40043 -23.72982 2
272.39493 -23.73904 2
272.38210 -23.74239 2
272.36928 -23.73986 2
272.36288 -23.72309 2
272.35832 -23.68786 2
272.33454 -23.66269 2
272.31532 -23.65512 2
272.26588 -23.65507 2
272.24573 -23.65924 2
272.22649 -23.66844 2
272.18888 -23.69940 2
272.18057 -23.73209 2
272.18140 -23.77486 2
272.19047 -23.81681 2
272.18765 -23.85370 2
272.17198 -23.88974 2
272.14255 -23.92239 2
272.12225 -23.96679 2
272.12677 -23.99531 2
272.14049 -24.01631 2
272.15699 -24.02724 2
272.16339 -24.03648 2
272.16244 -24.05241 2
272.13107 -24.10937 2
272.12828 -24.12111 2
272.14564 -24.16391 2
272.14645 -24.20584 2
272.15193 -24.22430 2
272.15651 -24.22851 2
272.17305 -24.23776 2
272.18317 -24.23275 2
272.18871 -24.22269 2
272.20434 -24.22356 2
272.21351 -24.23699 2
272.21440 -24.25293 2
272.23002 -24.26553 2
272.24750 -24.26220 2
272.26315 -24.25467 2
272.29350 -24.25387 2
272.31283 -24.24466 2
272.33124 -24.22959 2
272.36806 -24.17259 2
272.38737 -24.17260 2
272.39380 -24.17595 2
272.39931 -24.18518 2
272.40574 -24.18770 2
272.42505 -24.19106 2
272.45723 -24.19022 2
272.49307 -24.16506 2
272.53994 -24.14324 2
272.54361 -24.13737 2
272.54543 -24.11724 2
272.53347 -24.09209 2
272.53254 -24.06944 2
272.53804 -24.05854 2
272.54722 -24.05099 2
272.57568 -24.04007 2
272.58669 -24.02664 2
272.60410 -23.99559 2
272.60500 -23.97966 2
272.57467 -23.94279 2
272.57099 -23.93105 2
272.58198 -23.90504 2
272.57919 -23.87150 2
272.58467 -23.84299 2
272.59656 -23.81866 2
272.61578 -23.79516 2
272.61848 -23.75406 2
272.61297 -23.73813 2
272.57447 -23.71972 2
272.55524 -23.72057 2
272.53142 -23.72645 2
272.51403 -23.73904 1
346.28900 60.25754  0 IC1470 
346.24066 60.24797  2
346.23990 60.23569  2
346.24658 60.23023  2
346.29176 60.21697  2
346.33378 60.22418  2
346.34636 60.23179  2
346.34127 60.24290  2
346.31416 60.25890  2
346.28900 60.25754  1
94.64895  23.26315  0 IC0444 
94.66797  23.27782  2
94.69536  23.28689  2
94.70906  23.29667  2
94.71974  23.32601  2
94.73650  23.34906  2
94.72282  23.37842  2
94.71981  23.42036  2
94.67261  23.45183  2
94.65204  23.45672  2
94.62995  23.45184  2
94.62157  23.44625  2
94.61624  23.43786  2
94.61700  23.41410  2
94.63527  23.38684  2
94.63831  23.36797  2
94.63298  23.35540  2
94.61547  23.33793  2
94.61395  23.33373  2
94.61852  23.31486  2
94.60026  23.30368  2
94.59189  23.29180  2
94.59950  23.26944  2
94.61015  23.26245  2
94.63525  23.25826  2
94.64895  23.26315  1
